PROBLEM 4

>> D = [2 0 3 3;4 -3 7 5;8 -9 15 10;]

D =

     2     0     3     3
     4    -3     7     5
     8    -9    15    10

>> D(2,:) = -2*D(1,:) + D(2,:)

D =

     2     0     3     3
     0    -3     1    -1
     8    -9    15    10

>> D(3,:) = -4*D(1,:) + D(3,:)

D =

     2     0     3     3
     0    -3     1    -1
     0    -9     3    -2

>> D(3,:) = 3*D(2,:) - D(3,:)

D =

     2     0     3     3
     0    -3     1    -1
     0     0     0    -1

